AP-SeaBorderCoordinates
-------------------------------------------------------------------------------------------
[ 84.729376,19.028623]
[ 84.763448,19.075591]
[ 84.768563,19.083455]
[84.704254, 18.995322]
[84.714414, 18.987510]
[84.706063, 18.978141]
[84.693100, 18.958353]
[84.696565, 18.941748]
[84.655844, 18.924949]
[84.617160, 18.886323]
[84.593586, 18.857857]
[84.587068, 18.835757]
[84.577478, 18.826151]
[84.570051, 18.814691]
[84.564964 , 18.802370]
[84.563480 , 18.790431]
[84.457246 , 18.685134]
[84.463630 , 18.686415]
[84.457593 , 18.677039]
[84.448388 , 18.654325]
[84.414071 , 18.627223]
[84.381781 , 18.594750]
[84.365092 , 18.553424]
[84.324352 , 18.521105]
[84.318950 , 18.526797]
[84.144373 , 18.361084]
[84.142552 , 18.349716]
[84.142241 , 18.349074]
[84.141629 , 18.348351]
[84.140760 , 18.347821]
[84.133368 , 18.337790]
[84.129684 , 18.317149]
[83.879994 , 18.190506]
[83.875516 , 18.186724]
[83.872557 , 18.182466]
 [83.566276, 18.007286]
 [83.560390, 17.998575]
 [83.559931, 17.990441]
 [83.561549, 17.988360]
 [83.561356, 17.988146]
 [83.561131, 17.988075]
 [83.558867, 17.983892]
 [83.558824, 17.983014]
 [83.544616, 17.963288]
 [83.512836, 17.938329]
 [83.513094, 17.938063]
 [83.484273, 17.922235]
 [83.456439, 17.899629]
 [83.455417, 17.898011]
 [83.454687, 17.895791]
 [83.454690, 17.894414]
 [83.455936, 17.892755]
 [83.456548, 17.890784]
 [83.455561, 17.889283]
 [83.455368, 17.888027]
 [83.455120, 17.887636]
 [83.450051, 17.883648]
 [83.447960, 17.880805]
 [83.446375, 17.879103]
 [83.446364, 17.877653]
 [83.238876, 17.612809]
 [83.171902, 17.566845]
 [83.161256, 17.559685]
 [82.303927, 17.031372]
 [82.363221, 16.961778]
 [82.379087, 16.926599]
 [82.370702, 16.713816]
 [82.321226, 16.574528]
 [81.726407, 16.312910]
 [81.710706, 16.305052]
 [81.693840, 16.310849]
 [81.690868, 16.320178]
 [81.690840, 16.326703]
 [81.688233, 16.329226]
 [81.481748, 16.349356]
 [81.407850, 16.343037]
 [81.342500, 16.316162]
 [81.330734, 16.315000]
 [81.295113, 16.288748]
 [81.271383, 16.274330]
 [81.265341, 16.270784]
 [81.253840, 16.259404]
 [81.212989, 16.184397]
 [81.213622, 16.161594]
 [81.193624, 16.081394]
 [81.151284, 15.999418]
 [81.159024, 15.972182]
 [81.012826, 15.842024]
 [81.032491, 15.755940]
 [80.820445, 15.687175]
 [80.769966, 15.783775]
 [80.782479, 15.813184]
 [80.778810, 15.843221]
 [80.773817, 15.854428]
 [80.668415, 15.875120]
 [80.425604, 15.796587]
 [80.308488, 15.703185]
 [80.228951, 15.496297]
 [80.097212, 15.262246]
 [80.068707, 15.089443]
 [80.211852, 14.619077]
 [80.193634, 14.365021]
 [80.155116, 14.095217]
 [80.277917, 13.788815]
 [80.315206, 13.459933]

--------------------------------------------------------------------
Ap-SeaCoordinates
-----------------------------------------------------------------
[85.144919, 18.8529477],		
[85.0544221, 18.7712651],		
[85.0117633, 18.6922464],		
[84.9494727, 18.6764881],		
[84.8966081, 18.6287275],		
[84.8250802, 18.5640841],		
[84.7403451, 18.4874732],		
[84.6559608, 18.4111454],		
[84.6316744, 18.3891714],       
[84.5449487, 18.3106806],		
[84.4632581, 18.2367142],		
[84.4435363, 18.2188526],		
[83.9810715, 17.7976305],		
[83.7854026, 17.6420757],		
[83.7789346, 17.6336133],		
[83.2092488, 17.1573444],		
[82.8246037, 16.9271408],		
[82.2084606, 16.1691418],		
[81.7841283, 16.0536214],		
[81.6017117, 16.0477406],		
[80.8422521, 15.5203681],		
[80.6530639, 15.4874958],		
[80.6225449, 15.4708716],		
[80.5473511, 15.4299067],		
[80.4921966, 15.3412769],		
[80.4738118, 15.2526095],		
[80.4862355, 15.0658156],		
[80.4983505, 15.0251005],		
[80.682728, 13.4535318],		
[80.3265548, 13.4440331],		
[80.3257877, 13.4439109],		
[80.3188224, 13.4350154],